1000
2001
3002
4003
5004
6005
7006
8007
9008
10009
11010
12011
13012
14013
15014
16015
17016
18017
19018
20019
21020
22021
23022
24023
25024
26025
27026
28027
29028
30029
31030
32031
33032
34033
35034
36035
37036
38037
39038
40039
41040
42041
43042
44043
45044
46045
47046
48047
49048
50049
51050
52051
53052
54053
55054
56055
57056
58057
59058
60059
61060
62061
63062
64063
65064
66065
67066
68067
69068
70069
71070
72071
73072
74073
75074
76075
77076
78077
79078
80079
81080
82081
83082
84083
85084
86085
87086
88087
89088
90089
91090
92091
93092
94093
95094
96095
97096
98097
99098
100099
